Input:
--------

 0 4 10000 10000 85 10000 10000 10000 10000 10000
74 10000 18 10000 12 10000 10000 10000 10000 10000
10000 12 10000 10000 10000 74 10000 10000 10000 12
10000 10000 10000 10000 32 10000 38 10000 10000 10000
10000 10000 10000 66 10000 76 10000 33 10000 10000
10000 10000 10000 10000 10000 10000 10000 10000 11 21
10000 10000 10000 12 10000 10000 10000 10 10000 10000
10000 10000 10000 10000 10000 10000 2 10000 72 10000
10000 10000 10000 10000 10000 31 10000 18 10000 78
10000 10000 10000 10000 10000 8 10000 10000 10000 10000
